.Random.seed <-
c(10403L, 30L, -2022443073L, 1851395142L, 1156750032L, -1766791949L, 
-668597743L, -1699859392L, -2119272418L, 1937835753L, 710251547L, 
-478233558L, 1815158604L, -450198257L, -435484603L, 1746252284L, 
-20914094L, -1205630515L, 555490183L, 274959982L, -1010205112L, 
883234891L, 742027689L, -1551889160L, -1347774426L, -227342015L, 
1842431699L, -716280190L, 1595233460L, 134089783L, -1260687571L, 
1940532292L, -1331482262L, 450670037L, -1858598033L, -773066122L, 
1973314976L, 910013027L, -949357823L, 1642785392L, 345638414L, 
-330805639L, -192013813L, 941347642L, -1063392708L, -2137069185L, 
1791812309L, 1154544364L, 1472832578L, 155163549L, -1052315113L, 
1952647038L, -504224456L, 1400058395L, -1113539719L, 150003144L, 
300933622L, -989891535L, -496826781L, -1547912654L, 1909974916L, 
1098814919L, 940899485L, -1733379052L, 477059770L, 1767734021L, 
-1754717985L, 261765478L, 37481712L, 2060523539L, -433533519L, 
2067613792L, 2034877950L, -1275055735L, 1796318907L, 1148740234L, 
-367952532L, 1572063983L, -476318427L, -1480031268L, -122670670L, 
1024979117L, 722878567L, 1153443726L, 1638518888L, 2032106603L, 
433301001L, -756758376L, -1334955066L, -4536543L, 1148249011L, 
-1755215070L, 665206036L, 1198665111L, 1608095117L, 1195390116L, 
420943498L, -92271371L, 1234604879L, 1971604566L, 1022906112L, 
-1455549L, -473665055L, 282187088L, -1838969938L, 372173145L, 
-1281255573L, -428431654L, -791337060L, 19872671L, 1879777781L, 
-1797073780L, 1548991842L, 1064268093L, 1595873719L, 1739120222L, 
-1010960488L, -1546946821L, -310346087L, 825698088L, -2060558890L, 
-1966603695L, -85452541L, -1528245102L, -725800412L, -1071057689L, 
1853811005L, 724680116L, 763216410L, 320211301L, 2088974335L, 
1605398150L, 1521890832L, 1341631667L, 906569553L, 753666816L, 
792441310L, 70638121L, -1188161061L, 1921894122L, 1001825420L, 
-253793329L, -1805999227L, 987836476L, 1415840018L, -2008365555L, 
200791367L, -1350107346L, -417934712L, -1990544501L, -1705778327L, 
-861905608L, -844075034L, 1750673281L, -1282703597L, 67127490L, 
1640948596L, 1934225271L, 899651693L, -1345997052L, -985725398L, 
737602453L, -12447697L, 1698572598L, 321898848L, 1732528035L, 
-2122936127L, 260366512L, 355577806L, -725261511L, -2084459701L, 
1301053690L, 816216572L, 2007964223L, -13439211L, 70974508L, 
1926997250L, -1490170403L, -298136361L, 1673648062L, 284262904L, 
-1439156773L, -609002439L, 315747720L, 303966518L, -1871858831L, 
-589942365L, -916640526L, -1910706108L, -2003164409L, 749269725L, 
-1952850988L, -138044678L, 2080013893L, -928110945L, -927024090L, 
-1796728656L, 1783750995L, -1733075855L, -1302112L, 2077785406L, 
-439362487L, 1868290299L, -1008365366L, 1047111212L, 1593702959L, 
1489302245L, 787400604L, 1347105266L, 1132682349L, -2103136857L, 
-642181170L, 1413887272L, 544335659L, 1101884745L, -512363944L, 
-1551873274L, -391403807L, -2024983949L, 1544747746L, -1288944044L, 
1279479639L, -2068028595L, 1614677732L, -1193015606L, -752335051L, 
-1876251249L, 153193110L, 1406509632L, -2021725886L, -482142976L, 
631865788L, 2122130768L, -880955102L, 1478333000L, -1971338228L, 
-1290063268L, 86140370L, 912973312L, 284293460L, 1679641832L, 
-1153468166L, -1939080496L, -1043955924L, 214836468L, 1643658642L, 
-69357216L, -224841716L, -232683296L, 761927266L, 821809320L, 
-2010505140L, 1218492284L, 148876594L, 1451789936L, 509826884L, 
-1286411304L, -1997756550L, -57916368L, -846428228L, -1585423788L, 
-1656522686L, 2114111136L, 1607127740L, -989196336L, -755945118L, 
-143136024L, 1367559372L, 1569606140L, -792923662L, -542574464L, 
-568787468L, 1392994952L, 1674274618L, -15064752L, 1339064428L, 
-1492032108L, -339577774L, -1604472352L, -114822964L, -1619641696L, 
-81856126L, -2092626712L, 1347359468L, 816003388L, -106531726L, 
256654960L, 1994147364L, -984373192L, 1950995738L, 177934544L, 
1779907900L, -1821933676L, -528875646L, -2052776000L, 1318766140L, 
-723646064L, -1283283934L, -2007762680L, 1513419916L, 356377372L, 
806770834L, -1777907328L, -1214882796L, -405037272L, -959855046L, 
1011528144L, -1395445396L, -13649996L, 294108690L, -763288608L, 
290317772L, -1827961632L, 1014304802L, 1476884264L, -1038240244L, 
1822757692L, 770503666L, 1097100016L, 745744964L, -44554664L, 
1052358458L, -1606511632L, 1113155260L, 707798292L, 1213198530L, 
-2078073760L, 416561532L, 385505232L, -1214719710L, -497979736L, 
-573899892L, -1700471620L, -1407008974L, 840090176L, -1947851596L, 
-99810232L, 1684756922L, 574701072L, 1715701996L, -1591289516L, 
1762105106L, -517081696L, -740648244L, 711988832L, -1135231038L, 
-1939348696L, -930468436L, 1696526652L, -2013864078L, 902414640L, 
-1736224988L, 1194829112L, 519199450L, -879966320L, 1369445116L, 
-666939500L, 1214498882L, -1033978624L, 408202300L, -1114985136L, 
242374818L, -172787896L, 1735505676L, -246461732L, -1172409518L, 
-969788800L, 1430394964L, 767421416L, -1977288966L, -1997969072L, 
1898496812L, 1473300340L, 1674830738L, 68417120L, -480399476L, 
1384272736L, -1086027806L, 1573486504L, -1318069044L, -1087107588L, 
-1185748046L, -866006544L, 1534945732L, -2134793896L, 1622230394L, 
1108685232L, -2022862916L, -464220076L, -1586388030L, -1086225376L, 
1669356732L, -1017128368L, -811302942L, -759359896L, 2000378444L, 
185458940L, -1638240270L, -1208558336L, 379467636L, -348364792L, 
-1899682374L, -27951664L, 2057241580L, 2084880276L, -805684270L, 
-237013152L, 1603134796L, 1868385568L, -2071673982L, -105170200L, 
768566508L, 813628L, -779203726L, 951216752L, -239306716L, 860391224L, 
1010461850L, 120074960L, -1625489220L, -1384261996L, -646732158L, 
474488000L, -6852292L, -2051608432L, -761419230L, 1721034248L, 
2084585740L, 1894765212L, 1661660690L, 1767304576L, 973086228L, 
-1731324376L, 1004283194L, -2107881520L, 2070467180L, -614357196L, 
-77700462L, 958609760L, 2124419404L, -1745784864L, 1739530146L, 
986429352L, -811267188L, 1325835964L, -1033221262L, -539248400L, 
-1973610428L, -892019368L, -1900047302L, -922516624L, -1149762500L, 
1495935764L, -104805950L, -868351776L, 1961604988L, 2003915921L, 
-1609006973L, -1865395836L, 132186034L, 269664519L, 717312849L, 
584749782L, -1309684812L, -1796328507L, 1514644239L, -1523801720L, 
1208693926L, 140477523L, -1045019211L, 73509650L, 1236965600L, 
-253022903L, -23171205L, 1814739532L, -542768166L, -692794929L, 
136929177L, 271693742L, 875740348L, -1499777747L, 407267031L, 
-2125713632L, -929421186L, 1153306187L, -85318579L, 668641914L, 
-329792840L, 1696512097L, 119933459L, -346922956L, -1949442494L, 
1187035735L, -1916958303L, -1225864602L, 214456932L, 2113939861L, 
-1305918785L, 109451864L, 1817120374L, -975957373L, -9443643L, 
-137341982L, -1559933360L, 82393977L, -1902489429L, 1575254044L, 
-623765686L, 715255615L, -140463735L, -894422626L, 1674422348L, 
1593041437L, 494096295L, -1464212784L, -707169170L, -973493477L, 
130442365L, -1804617110L, -1404007672L, 312968113L, -1779203037L, 
-2135282396L, -1491326510L, 80951847L, -604642191L, -876479818L, 
1106568788L, -1231353115L, -77150481L, 877236776L, -1992411514L, 
2130034867L, 1183077909L, 887232626L, -23083840L, -1961731799L, 
-1462018149L, -955795348L, -1624462214L, -2072447569L, 334132409L, 
43925198L, 316144668L, -206938227L, 1824913911L, -459633408L, 
-363435170L, -623641557L, -1964690643L, -1028005990L, 997920088L, 
-1010802495L, -677503117L, -1421155180L, 2109903138L, 1796468791L, 
-794132223L, 1246835718L, -1303571900L, 77552501L, 1779056351L, 
530303544L, -518569450L, -224856541L, 1236541925L, -1164693502L, 
-1374467472L, -913539047L, -2065016309L, 1588359420L, 80506154L, 
522613599L, -636255511L, 342395390L, 1360385516L, 1013278013L, 
1435012359L, 1892953328L, 2101915790L, -1502721349L, -1688198499L, 
-1295337910L, -675120024L, -1945562031L, -159727805L, -697685436L, 
-262313742L, -955345721L, -505106799L, -465866730L, -296011148L, 
2124971269L, -104451249L, -805216952L, 397398246L, 2072725011L, 
-1071834763L, -1380655790L, 610225568L, -1542865783L, 1355320507L, 
